186 original moonscape v1.01
13 0 0 -3248.959961 -500.744873 -3247.760010 -518.709961
14 2 0 -3247.760010 -518.459961 -3195.120117 -518.459961
13 0 0 -3195.120117 -518.959961 -3184.229980 -543.534912
13 0 0 -3184.479980 -543.534912 -3156.479980 -543.534912
13 0 0 -3156.479980 -543.534912 -3141.359863 -614.925049
13 0 0 -3141.359863 -614.925049 -3104.399902 -687.199951
13 0 0 -3104.399902 -687.199951 -3099.399902 -715.209961
13 0 0 -3099.399902 -715.209961 -3077.520020 -758.000000
13 0 0 -3077.520020 -758.000000 -2996.879883 -793.074951
13 0 0 -2996.879883 -793.074951 -2976.159912 -831.159912
13 0 0 -2976.159912 -831.159912 -2949.840088 -856.530029
13 0 0 -2949.840088 -856.530029 -2895.145020 -879.199951
14 3 0 -2895.520020 -878.949951 -2841.760010 -878.949951
13 0 0 -2842.010010 -879.074951 -2789.120117 -856.235107
13 0 0 -2789.120117 -856.235107 -2740.399902 -814.050049
13 0 0 -2740.399902 -814.050049 -2686.640137 -783.074951
13 0 0 -2686.640137 -783.074951 -2633.439941 -758.000000
13 0 0 -2681.745117 -920.409912 -2646.745117 -870.409912
13 0 0 -2681.745117 -920.409912 -2666.620117 -945.659912
14 14 0 -2666.745117 -945.409912 -2611.745117 -945.409912
13 0 0 -2646.745117 -870.409912 -2626.745117 -855.409912
13 0 0 -2633.439941 -758.000000 -2607.120117 -745.284912
13 0 0 -2626.995117 -855.534912 -2577.120117 -830.284912
13 0 0 -2612.120117 -945.534912 -2581.745117 -930.409912
13 0 0 -2607.120117 -745.284912 -2587.120117 -750.284912
13 0 0 -2587.120117 -750.284912 -2557.120117 -790.284912
13 0 0 -2581.745117 -930.409912 -2521.745117 -850.409912
13 0 0 -2577.120117 -830.284912 -2557.120117 -790.284912
13 0 0 -2558.399902 -710.209961 -2532.639893 -687.199951
13 0 0 -2558.399902 -710.209961 -2521.745117 -720.284912
13 0 0 -2532.639893 -687.199951 -2478.879883 -675.989990
13 0 0 -2521.745117 -850.409912 -2486.745117 -815.409912
13 0 0 -2521.745117 -720.284912 -2491.745117 -750.409912
13 0 0 -2478.879883 -675.989990 -2425.680176 -639.705078
13 0 0 -2491.745117 -750.409912 -2481.745117 -790.409912
13 0 0 -2486.745117 -815.409912 -2481.745117 -790.409912
13 0 0 -2425.680176 -639.705078 -2371.360107 -633.805176
13 0 0 -2371.360107 -633.805176 -2322.639893 -614.834961
14 2 0 -2322.639893 -614.334961 -2270.000000 -614.334961
13 0 0 -2270.000000 -614.709961 -2216.800049 -619.645020
13 0 0 -2216.800049 -619.645020 -2164.160156 -639.705078
13 0 0 -2164.160156 -639.705078 -2151.839844 -662.419922
13 0 0 -2151.839844 -662.419922 -2115.439941 -687.199951
13 0 0 -2115.439941 -687.199951 -2099.760010 -710.209961
13 0 0 -2099.760010 -710.209961 -2061.120117 -735.284912
13 0 0 -2061.120117 -735.284912 -2051.040039 -758.000000
13 0 0 -2051.040039 -758.000000 -2008.104980 -783.324951
14 3 0 -2008.479980 -783.074951 -1954.160034 -783.074951
13 0 0 -1954.285034 -783.324951 -1916.640015 -736.169922
13 0 0 -1916.640015 -736.169922 -1879.679932 -723.780029
13 0 0 -1879.679932 -723.780029 -1836.560059 -735.284912
13 0 0 -1836.560059 -735.284912 -1799.599976 -757.409912
13 0 0 -1799.599976 -757.409912 -1772.720093 -806.084961
13 0 0 -1772.720093 -806.084961 -1737.720093 -831.084961
13 0 0 -1737.720093 -831.084961 -1699.360107 -836.159912
13 0 0 -1699.360107 -836.159912 -1679.360107 -856.159912
13 0 0 -1681.439941 -904.320068 -1679.360107 -856.159912
13 0 0 -1681.439941 -904.320068 -1660.040039 -959.235107
13 0 0 -1660.040039 -959.235107 -1635.040039 -1000.195068
13 0 0 -1635.040039 -1000.195068 -1590.779907 -1022.989990
14 2 0 -1591.279907 -1022.614990 -1489.360107 -1022.614990
13 0 0 -1489.485107 -1022.864990 -1431.720093 -1005.195068
13 0 0 -1431.720093 -1005.195068 -1382.960083 -974.824951
13 0 0 -1382.960083 -974.824951 -1354.960083 -947.110107
13 0 0 -1354.960083 -947.110107 -1307.360107 -926.739990
13 0 0 -1307.360107 -926.739990 -1282.160034 -904.320068
13 0 0 -1282.160034 -904.320068 -1228.959961 -885.750000
13 0 0 -1228.959961 -885.750000 -1201.520020 -831.159912
13 0 0 -1201.520020 -831.159912 -1174.639893 -733.665039
13 0 0 -1174.639893 -733.665039 -1070.879883 -662.159912
13 0 0 -1070.879883 -662.159912 -1027.160156 -725.290039
13 0 0 -1027.160156 -725.290039 -1022.035156 -765.415039
14 7 0 -1022.160156 -765.209961 -970.959961 -765.209961
13 0 0 -976.334961 -657.834961 -966.209961 -617.209961
13 0 0 -976.320068 -657.419922 -966.084961 -745.209961
13 0 0 -971.084961 -765.459961 -966.084961 -745.209961
13 0 0 -966.320068 -617.419922 -939.439941 -604.925049
13 0 0 -939.439941 -604.925049 -891.280029 -591.619873
13 0 0 -891.280029 -591.619873 -863.840088 -566.544922
13 0 0 -863.840088 -566.544922 -848.720215 -543.534912
13 0 0 -848.720215 -543.534912 -811.199951 -518.834961
14 3 0 -811.199951 -518.459961 -757.439941 -518.459961
13 0 0 -757.689941 -518.709961 -704.239990 -495.744873
13 0 0 -704.239990 -495.744873 -656.080078 -453.855225
13 0 0 -656.080078 -453.855225 -602.320068 -422.880127
13 0 0 -602.320068 -422.880127 -576.000000 -375.385010
13 0 0 -576.000000 -375.385010 -549.679932 -302.520020
13 0 0 -550.239990 -253.550049 -538.479980 -206.644897
13 0 0 -550.239990 -253.550049 -549.679932 -302.520020
13 0 0 -538.479980 -206.644897 -495.360107 -147.349976
13 0 0 -495.360107 -147.349976 -446.640137 -135.844971
13 0 0 -446.640137 -135.844971 -430.959961 -111.359985
13 0 0 -430.959961 -111.359985 -394.000000 -85.355103
14 2 0 -394.000000 -85.105103 -341.359863 -85.105103
13 0 0 -340.984863 -85.355103 -329.475098 -110.724976
14 3 0 -329.600098 -110.474976 -276.400146 -110.474976
13 0 0 -276.275146 -110.849976 -259.600098 -135.844971
13 0 0 -259.600098 -135.844971 -237.760010 -145.844971
13 0 0 -237.760010 -145.844971 -195.760010 -147.349976
13 0 0 -195.760010 -147.349976 -158.800049 -169.769897
13 0 0 -158.800049 -169.769897 -131.359863 -217.855103
13 0 0 -131.359863 -217.855103 -31.280029 -272.635010
13 0 0 -31.280029 -272.635010 23.759766 -349.719971
13 0 0 23.759766 -349.719971 76.399902 -355.619995
13 0 0 76.399902 -355.619995 129.599854 -374.794922
13 0 0 129.599854 -374.794922 140.800049 -397.510010
13 0 0 140.800049 -397.510010 178.320068 -422.880127
13 0 0 178.320068 -422.880127 194.559814 -445.594971
13 0 0 194.559814 -445.594971 231.084717 -471.510010
14 2 0 230.959717 -471.260010 285.279785 -471.260010
13 0 0 285.279785 -471.510010 295.919922 -544.419922
13 0 0 295.919922 -544.419922 337.919922 -614.925049
13 0 0 337.919922 -614.925049 337.919922 -639.955078
14 4 0 337.919922 -639.705078 386.079834 -639.705078
13 0 0 385.829834 -639.955078 391.079834 -634.705078
13 0 0 391.079834 -634.705078 402.879883 -662.419922
13 0 0 402.879883 -662.419922 440.959717 -687.199951
13 0 0 440.959717 -687.199951 466.719971 -735.284912
13 0 0 466.719971 -735.284912 493.040039 -758.590088
13 0 0 493.040039 -758.590088 547.359863 -783.074951
13 0 0 547.359863 -783.074951 558.000000 -856.235107
13 0 0 558.000000 -856.235107 595.520020 -927.330078
13 0 0 595.520020 -927.330078 595.520020 -951.815186
13 0 0 595.520020 -951.815186 610.640137 -974.824951
13 0 0 610.640137 -974.824951 648.284912 -1000.445068
14 3 0 648.159912 -1000.195068 700.800049 -1000.195068
13 0 0 700.925049 -1000.570068 727.679932 -1047.940186
13 0 0 727.679932 -1047.690186 756.239990 -1070.699951
13 0 0 756.239990 -1070.699951 803.839844 -1095.480225
13 0 0 803.839844 -1095.480225 856.979980 -1118.275146
14 2 0 856.479980 -1117.900146 928.990234 -1117.900146
13 0 0 928.990234 -1118.150146 948.990234 -1097.900146
13 0 0 948.990234 -1097.900146 968.990234 -1017.275146
13 0 0 968.990234 -1017.275146 1023.990234 -997.275146
13 0 0 1023.990234 -997.275146 1043.990234 -1037.275146
13 0 0 1043.990234 -1037.275146 1088.990234 -1072.275146
13 0 0 1088.990234 -1072.275146 1148.990234 -1102.275146
13 0 0 1148.990234 -1102.275146 1226.740234 -1118.525146
14 3 0 1226.500000 -1118.250000 1274.375000 -1118.250000
13 0 0 1274.365234 -1118.525146 1295.559570 -1001.065186
14 2 0 1295.559570 -1000.570068 1344.879883 -1000.570068
13 0 0 1344.879883 -1000.945068 1400.765137 -1072.860107
13 0 0 1395.209961 -982.735107 1445.640137 -1017.485107
13 0 0 1395.459961 -982.485107 1445.040039 -904.320068
14 11 0 1400.390137 -1072.485107 1455.640137 -1072.485107
13 0 0 1445.040039 -904.320068 1482.559570 -889.864990
13 0 0 1445.640137 -1017.485107 1460.640137 -1042.485107
13 0 0 1455.640137 -1072.860107 1460.640137 -1042.485107
13 0 0 1482.559570 -889.864990 1534.640137 -856.235107
13 0 0 1534.640137 -856.235107 1588.399902 -847.385010
13 0 0 1588.399902 -847.385010 1636.870117 -831.534912
14 2 0 1637.120117 -831.159912 1690.879883 -831.159912
13 0 0 1690.879883 -831.534912 1706.559570 -856.235107
13 0 0 1706.559570 -856.235107 1770.959961 -938.244873
13 0 0 1770.959961 -938.244873 1781.600098 -963.320068
13 0 0 1781.600098 -963.320068 1823.600098 -985.739990
13 0 0 1823.600098 -985.739990 1861.120117 -994.310059
13 0 0 1861.120117 -994.310059 1899.199707 -1022.614990
13 0 0 1899.199707 -1022.614990 1930.520020 -1075.110107
13 0 0 1930.520020 -1075.110107 2006.159668 -1096.320068
14 2 0 2006.159668 -1096.070068 2108.640137 -1096.070068
13 0 0 2108.640137 -1096.445068 2220.640137 -1131.380127
13 0 0 2220.640137 -1131.380127 2322.000000 -1118.864990
14 1 0 2322.000000 -1118.489990 2528.640137 -1118.489990
13 0 0 2528.640137 -1118.864990 2557.199707 -1070.699951
13 0 0 2557.199707 -1070.699951 2578.519531 -1000.195068
13 0 0 2578.519531 -1000.195068 2583.519531 -952.610107
14 2 0 2583.519531 -952.110107 2637.280273 -952.110107
13 0 0 2637.155273 -952.485107 2662.479980 -904.320068
13 0 0 2662.479980 -904.320068 2712.319824 -878.949951
13 0 0 2712.319824 -878.949951 2738.080078 -856.235107
13 0 0 2738.080078 -856.235107 2754.319824 -831.750000
13 0 0 2754.319824 -831.750000 2791.839844 -805.574951
14 2 0 2791.839844 -805.199951 2845.040039 -805.199951
13 0 0 2844.915039 -805.449951 2876.919434 -751.790039
13 0 0 2876.919434 -751.790039 2893.199707 -698.705078
13 0 0 2893.199707 -698.705078 2946.959961 -687.199951
13 0 0 2946.959961 -687.199951 3000.969727 -710.459961
14 1 0 3000.719727 -710.209961 3101.519531 -710.209961
13 0 0 3101.394531 -710.334961 3154.719727 -687.199951
13 0 0 3154.719727 -687.199951 3170.959961 -639.705078
13 0 0 3170.959961 -639.705078 3208.479980 -577.459961
13 0 0 3208.479980 -577.459961 3262.799805 -566.544922
13 0 0 3262.799805 -566.544922 3272.880371 -544.419922
13 0 0 3272.880371 -544.419922 3310.959961 -519.050049
13 0 0 3310.959961 -519.050049 3364.719727 -495.744873
