41,original llem v1.01\2c2022-aug-01
0 0 0 8.887383 5.621918 10.800000 8.880000
0 0 0 6.337383 3.648590 8.887383 5.651918
0 0 0 -8.257384 5.621920 -5.617384 3.648590
0 0 0 -10.320000 8.940001 -8.257384 5.621920
0 0 0 -10.349999 8.880002 -9.397383 15.558082
0 0 0 -9.457382 15.498081 -7.057384 17.831409
0 0 0 -7.177384 17.831409 0.457385 19.151409
0 0 0 7.537385 18.071409 9.817387 15.708076
0 0 0 9.817387 15.708076 10.800000 8.879992
0 0 0 -16.799999 -1.800000 -8.280000 0.960000
0 0 0 -18.719999 -10.440000 -16.805000 -1.805000
0 0 0 -18.719999 -10.440000 -18.719999 -13.679999
0 0 0 -21.840000 -13.679999 -15.240000 -13.679999
0 0 0 -8.280000 -4.440000 8.880000 -4.440000
0 0 0 -8.280000 3.600000 8.880000 3.600000
0 0 0 8.880000 -4.440000 8.880000 3.600000
0 0 0 -8.280000 3.600000 -8.280000 -4.440000
0 0 0 8.880000 0.930000 17.279999 -1.320000
0 0 0 17.279999 -1.320000 19.170000 -10.200000
0 0 0 19.170000 -13.679999 19.170000 -10.200000
0 0 0 15.719999 -13.679999 22.439999 -13.679999
0 0 0 -7.920000 -9.599999 -4.080000 -4.440000
0 0 0 5.280000 -4.440000 8.610000 -9.599999
0 0 0 -7.800000 -9.599999 8.639999 -9.599999
0 0 0 0.360000 19.199999 7.680000 18.000000
1 0 0 -21.840000 -13.950000 -15.240000 -13.950000
2 0 0 15.719999 -13.950000 22.439999 -13.950000
1 0 0 -21.840000 -13.825000 -15.240000 -13.825000
2 0 0 15.719999 -13.825000 22.439999 -13.825000
1 0 0 -21.840000 -13.550000 -15.240000 -13.550000
2 0 0 15.719999 -13.550000 22.439999 -13.550000
1 0 0 -21.840000 -13.400000 -15.240000 -13.400000
2 0 0 15.719999 -13.400000 22.439999 -13.400000
3 0 0 19.355000 -10.200000 19.385000 -13.059999
3 0 0 -18.965000 -13.059999 -18.934999 -10.530000
3 0 0 -19.090000 -10.410000 -16.955000 -1.585000
3 0 0 17.500000 -1.000000 19.375000 -10.000000
3 0 0 10.000000 16.000000 11.000000 8.875000
3 0 0 -10.625000 9.000000 -9.625000 15.875000
3 0 0 -7.375000 18.125000 0.125000 19.375000
3 0 0 0.125000 19.500000 7.875000 18.250000
